00000000000000010000001000000011000001000000010100000110000001110000100000001001000010100000101100001100000011010000111000001111
00010000000100010001001000010011000101000001010100010110000101110001100000011001000110100001101100011100000111010001111000011111
00100000001000010010001000100011001001000010010100100110001001110010100000101001001010100010101100101100001011010010111000101111
00110000001100010011001000110011001101000011010100110110001101110011100000111001001110100011101100111100001111010011111000111111
01000000010000010100001001000011010001000100010101000110010001110100100001001001010010100100101101001100010011010100111001001111
01010000010100010101001001010011010101000101010101010110010101110101100001011001010110100101101101011100010111010101111001011111
01100000011000010110001001100011011001000110010101100110011001110110100001101001011010100110101101101100011011010110111001101111
01110000011100010111001001110011011101000111010101110110011101110111100001111001011110100111101101111100011111010111111001111111
10000000100000011000001010000011100001001000010110000110100001111000100010001001100010101000101110001100100011011000111010001111
10010000100100011001001010010011100101001001010110010110100101111001100010011001100110101001101110011100100111011001111010011111
10100000101000011010001010100011101001001010010110100110101001111010100010101001101010101010101110101100101011011010111010101111
10110000101100011011001010110011101101001011010110110110101101111011100010111001101110101011101110111100101111011011111010111111
11000000110000011100001011000011110001001100010111000110110001111100100011001001110010101100101111001100110011011100111011001111
11010000110100011101001011010011110101001101010111010110110101111101100011011001110110101101101111011100110111011101111011011111
11100000111000011110001011100011111001001110010111100110111001111110100011101001111010101110101111101100111011011110111011101111
111100001111000111110010111100111111010011110101111101101111011111111000111110011111101011111011111111001111110111111110
